201231055
201320863
201359115
201260204
201303156
201388142
201319827
201216896
201298528
201255374
201341420
201255455
201314844
201328055
201308523
201349776
201297205
201057562
201225992
201317772
201227917
201326874
201227757
201296152
201106975
201373577
201329023
201462689
201465717
201381200
201315339
201258220
201312935
201308968
201340664
201339692
201325993
201306646
201328923
201315614
201321938
201262147
201092164
201303415
201311320
201094867
201247077
201308522
201323913
201332676
201303163
201314994
201327921
201335327
201224952
200856603
201348778
201385541
201249091
201226935
201322591
201320133
201346906
201319430
201341587
201220807
201322304
201331269
201324727
201310181
201317810
201344496
201220079
201300160
201336716
201349053
201339752
201216422
201337266
201385204
201225142
201319805
201296111
201326868
201323918
201304704
201308562
201317544
201344985
201349482
201237272
201345216
201311597
201388105
201314139
201316539
201315330
201299719
201239945
201211406
201343888
201338618
201315966
201299256
201245228
201318710
201229432
201221308
201354277
201323417
201342650
201333212
201228785
201320355
201298566
201373047
201303702
201342254
201317695
201314098
201312539
201160919
201317898
201330083
201328988
201360243
201318403
201317481
201354924
201256018
201325484
201095775
201237886
201334952
201312359
201333893
201300411
201315014
201206712
201330003
201294758
201314117
201324752
201306713
201322137
201335030
201462053
201321213
201327703
201203933
201316302
201310115
201293406
201303073
201338654
201107503
201309606
201318378
201305841
201315690
201245141
201342191
201260764
201148912
201224641
201371858
201293134
201347463
201199520
201245160
201220846
201013822
201303839
201342088
201335140
201352319
201142529
201329202
201337915
201306716
201199307
201327129
201213297
201309132
201310853
201307178
201244184
201211653
201324650
201305810
201359386
201390201
201353379
201334713
201315923
201302358
201230144
201317267
201327722
201324476
201316227
201303132
201328364
201323376
201238745
201319866
201211903
201463983
201316028
201303306
201229683
201152376
201311354
201319898
201358124
201330484
201307116
201002760
201365550
201307069
201314099
201315839
201308092
201387962
201377273
201299210
201371860
